274,277c274,277
< 0_1000_1000_0  (x0_88_0),0,0,0,0,0,0,0,1,1,0,0,0,0,0,NO_REG,,,,,,0,0,NO_REG,,,,,,0,0,,0,0,0,DS,,,,,,0,DS,,,,,,0,0,0,0,0,0,0,0,0,DR_REGISTER,,,,SR_REGISTER,,,,NO_EXE,,,,MOV,,,,,,0,0,0,0,0,0
< 0_1000_1000_1  (x0_88_1),0,0,0,0,0,0,0,1,1,0,0,0,0,0,NO_REG,,,,,,0,0,NO_REG,,,,,,0,0,,0,0,0,DS,,,,,,0,DS,,,,,,0,0,0,0,0,0,0,0,0,DR_REGISTER,,,,SR_REGISTER,,,,NO_EXE,,,,MOV,,,,,,0,0,0,0,0,0
< 0_1000_1001_0  (x0_89_0),0,0,0,0,0,0,0,1,1,0,0,0,0,0,NO_REG,,,,,,0,0,NO_REG,,,,,,0,0,,1,0,0,DS,,,,,,0,DS,,,,,,0,0,0,0,0,0,0,0,0,DR_REGISTER,,,,SR_REGISTER,,,,NO_EXE,,,,MOV,,,,,,0,0,0,0,0,0
< 0_1000_1001_1  (x0_89_1),0,0,0,0,0,0,0,1,1,0,0,0,0,0,NO_REG,,,,,,0,0,NO_REG,,,,,,0,0,,0,1,0,DS,,,,,,0,DS,,,,,,0,0,0,0,0,0,0,0,0,DR_REGISTER,,,,SR_REGISTER,,,,NO_EXE,,,,MOV,,,,,,0,0,0,0,0,0
---
> 0_1000_1000_0  (x0_88_0),0,0,0,0,0,0,0,1,1,0,0,0,0,0,NO_REG,,,,,,0,0,NO_REG,,,,,,0,0,,0,0,0,DS,,,,,,0,DS,,,,,,0,0,1,0,0,0,0,0,0,DR_REGISTER,,,,SR_REGISTER,,,,NO_EXE,,,,MOV,,,,,,0,0,0,0,0,0
> 0_1000_1000_1  (x0_88_1),0,0,0,0,0,0,0,1,1,0,0,0,0,0,NO_REG,,,,,,0,0,NO_REG,,,,,,0,0,,0,0,0,DS,,,,,,0,DS,,,,,,0,0,1,0,0,0,0,0,0,DR_REGISTER,,,,SR_REGISTER,,,,NO_EXE,,,,MOV,,,,,,0,0,0,0,0,0
> 0_1000_1001_0  (x0_89_0),0,0,0,0,0,0,0,1,1,0,0,0,0,0,NO_REG,,,,,,0,0,NO_REG,,,,,,0,0,,1,0,0,DS,,,,,,0,DS,,,,,,0,0,1,0,0,0,0,0,0,DR_REGISTER,,,,SR_REGISTER,,,,NO_EXE,,,,MOV,,,,,,0,0,0,0,0,0
> 0_1000_1001_1  (x0_89_1),0,0,0,0,0,0,0,1,1,0,0,0,0,0,NO_REG,,,,,,0,0,NO_REG,,,,,,0,0,,0,1,0,DS,,,,,,0,DS,,,,,,0,0,1,0,0,0,0,0,0,DR_REGISTER,,,,SR_REGISTER,,,,NO_EXE,,,,MOV,,,,,,0,0,0,0,0,0
282,283c282,283
< 0_1000_1100_0  (x0_8C_0),0,0,0,0,0,0,0,1,1,0,1,0,0,0,NO_REG,,,,,,0,0,NO_REG,,,,,,0,0,,0,1,0,DS,,,,,,0,DS,,,,,,0,0,0,0,0,0,0,0,0,DR_REGISTER,,,,SR_REGISTER,,,,NO_EXE,,,,MOV,,,,,,0,0,0,0,0,0
< 0_1000_1100_1  (x0_8C_1),0,0,0,0,0,0,0,1,1,0,1,0,0,0,NO_REG,,,,,,0,0,NO_REG,,,,,,0,0,,0,1,0,DS,,,,,,0,DS,,,,,,0,0,0,0,0,0,0,0,0,DR_REGISTER,,,,SR_REGISTER,,,,NO_EXE,,,,MOV,,,,,,0,0,0,0,0,0
---
> 0_1000_1100_0  (x0_8C_0),0,0,0,0,0,0,0,1,1,0,1,0,0,0,NO_REG,,,,,,0,0,NO_REG,,,,,,0,0,,0,1,0,DS,,,,,,0,DS,,,,,,0,0,1,0,0,0,0,0,0,DR_REGISTER,,,,SR_REGISTER,,,,NO_EXE,,,,MOV,,,,,,0,0,0,0,0,0
> 0_1000_1100_1  (x0_8C_1),0,0,0,0,0,0,0,1,1,0,1,0,0,0,NO_REG,,,,,,0,0,NO_REG,,,,,,0,0,,0,1,0,DS,,,,,,0,DS,,,,,,0,0,1,0,0,0,0,0,0,DR_REGISTER,,,,SR_REGISTER,,,,NO_EXE,,,,MOV,,,,,,0,0,0,0,0,0
310,311c310,311
< 0_1001_1010_0  (x0_9A_0),0,0,0,0,0,0,0,0,0,0,0,0,0,1,CS,,,,,,0,1,ESP,,,,,,0,0,,1,1,0,SS,,,,,,1,SS,,,,,,0,1,0,0,1,1,1,1,1,SEGMENT_NEIP,,,,SR_REGISTER,,,,IMM32,,,,FAR_CALL,,,,,,1,0,0,1,1,0
< 0_1001_1010_1  (x0_9A_1),0,0,0,0,0,0,0,0,0,0,0,0,0,1,CS,,,,,,0,1,ESP,,,,,,0,0,,1,1,0,SS,,,,,,1,SS,,,,,,0,1,0,0,1,1,1,1,1,SEGMENT_NEIP,,,,SR_REGISTER,,,,IMM32,,,,FAR_CALL,,,,,,1,0,0,1,1,0
---
> 0_1001_1010_0  (x0_9A_0),0,0,0,0,0,0,0,0,0,0,0,0,0,1,CS,,,,,,0,1,ESP,,,,,,0,0,,1,1,0,CS,,,,,,1,SS,,,,,,0,1,0,0,1,1,1,1,1,SEGMENT_NEIP,,,,SR_REGISTER,,,,IMM32,,,,FAR_CALL,,,,,,1,0,0,1,1,0
> 0_1001_1010_1  (x0_9A_1),0,0,0,0,0,0,0,0,0,0,0,0,0,1,CS,,,,,,0,1,ESP,,,,,,0,0,,1,1,0,CS,,,,,,1,SS,,,,,,0,1,0,0,1,1,1,1,1,SEGMENT_NEIP,,,,SR_REGISTER,,,,IMM32,,,,FAR_CALL,,,,,,1,0,0,1,1,0
385c385
< 0_1011_1111_1  (x0_BF_1),0,0,0,0,0,0,0,0,0,0,0,0,0,1,EDI,,,,,,0,0,NO_REG,,,,,,0,0,,0,1,0,DS,,,,,,0,DS,,,,,,0,0,0,0,1,1,0,0,0,DR_REGISTER,,,,IMM64,,,,NO_EXE,,,,MOV,,,,,,0,0,0,0,0,0
---
> 0_1011_1111_1  (x0_BF_1),0,0,0,0,0,0,0,0,0,0,0,0,0,1,EDI,,,,,,0,0,NO_REG,,,,,,0,0,,0,0,0,DS,,,,,,0,DS,,,,,,0,0,0,0,1,1,0,0,0,DR_REGISTER,,,,IMM64,,,,NO_EXE,,,,MOV,,,,,,0,0,0,0,0,0
398,401c398,401
< 0_1100_0110_0  (x0_C6_0),0,0,0,0,0,0,0,1,1,0,0,1,0,0,NO_REG,,,,,,0,0,NO_REG,,,,,,0,0,,0,0,0,DS,,,,,,0,DS,,,,,,0,0,0,0,0,0,0,0,0,IMM64,,,,IMM64,,,,NO_EXE,,,,MOV,,,,,,0,0,0,0,0,0
< 0_1100_0110_1  (x0_C6_1),0,0,0,0,0,0,0,1,1,0,0,1,0,0,NO_REG,,,,,,0,0,NO_REG,,,,,,0,0,,0,0,0,DS,,,,,,0,DS,,,,,,0,0,0,0,0,0,0,0,0,IMM64,,,,IMM64,,,,NO_EXE,,,,MOV,,,,,,0,0,0,0,0,0
< 0_1100_0111_0  (x0_C7_0),0,0,0,0,0,0,0,1,1,0,0,1,0,0,NO_REG,,,,,,0,0,NO_REG,,,,,,0,0,,1,0,0,DS,,,,,,0,DS,,,,,,0,0,0,0,0,0,0,0,0,IMM64,,,,IMM64,,,,NO_EXE,,,,MOV,,,,,,0,0,0,0,0,0
< 0_1100_0111_1  (x0_C7_1),0,0,0,0,0,0,0,1,1,0,0,1,0,0,NO_REG,,,,,,0,0,NO_REG,,,,,,0,0,,0,1,0,DS,,,,,,0,DS,,,,,,0,0,0,0,0,0,0,0,0,IMM64,,,,IMM64,,,,NO_EXE,,,,MOV,,,,,,0,0,0,0,0,0
---
> 0_1100_0110_0  (x0_C6_0),0,0,0,0,0,0,0,1,1,0,0,1,0,0,NO_REG,,,,,,0,0,NO_REG,,,,,,0,0,,0,0,0,DS,,,,,,0,DS,,,,,,0,0,1,0,0,0,0,0,0,IMM64,,,,IMM64,,,,NO_EXE,,,,MOV,,,,,,0,0,0,0,0,0
> 0_1100_0110_1  (x0_C6_1),0,0,0,0,0,0,0,1,1,0,0,1,0,0,NO_REG,,,,,,0,0,NO_REG,,,,,,0,0,,0,0,0,DS,,,,,,0,DS,,,,,,0,0,1,0,0,0,0,0,0,IMM64,,,,IMM64,,,,NO_EXE,,,,MOV,,,,,,0,0,0,0,0,0
> 0_1100_0111_0  (x0_C7_0),0,0,0,0,0,0,0,1,1,0,0,1,0,0,NO_REG,,,,,,0,0,NO_REG,,,,,,0,0,,1,0,0,DS,,,,,,0,DS,,,,,,0,0,1,0,0,0,0,0,0,IMM64,,,,IMM64,,,,NO_EXE,,,,MOV,,,,,,0,0,0,0,0,0
> 0_1100_0111_1  (x0_C7_1),0,0,0,0,0,0,0,1,1,0,0,1,0,0,NO_REG,,,,,,0,0,NO_REG,,,,,,0,0,,0,1,0,DS,,,,,,0,DS,,,,,,0,0,1,0,0,0,0,0,0,IMM64,,,,IMM64,,,,NO_EXE,,,,MOV,,,,,,0,0,0,0,0,0
466,467c466,467
< 0_1110_1000_0  (x0_E8_0),0,0,0,0,0,0,0,0,0,0,0,0,0,0,NO_REG,,,,,,0,1,ESP,,,,,,0,0,,1,0,0,SS,,,,,,1,SS,,,,,,0,1,0,0,0,0,1,1,1,NEIP,,,,SR_REGISTER,,,,IMM32,,,,CALL,,,,,,1,1,0,0,1,0
< 0_1110_1000_1  (x0_E8_1),0,0,0,0,0,0,0,0,0,0,0,0,0,0,NO_REG,,,,,,0,1,ESP,,,,,,0,0,,0,1,0,SS,,,,,,1,SS,,,,,,0,1,0,0,0,0,1,1,1,NEIP,,,,SR_REGISTER,,,,ZEXT_IMM16,,,,CALL,,,,,,1,1,0,0,1,0
---
> 0_1110_1000_0  (x0_E8_0),0,0,0,0,0,0,0,0,0,0,0,0,0,0,NO_REG,,,,,,0,1,ESP,,,,,,0,0,,1,0,0,CS,,,,,,1,SS,,,,,,0,1,0,0,0,0,1,1,1,NEIP,,,,SR_REGISTER,,,,IMM32,,,,CALL,,,,,,1,1,0,0,1,0
> 0_1110_1000_1  (x0_E8_1),0,0,0,0,0,0,0,0,0,0,0,0,0,0,NO_REG,,,,,,0,1,ESP,,,,,,0,0,,0,1,0,CS,,,,,,1,SS,,,,,,0,1,0,0,0,0,1,1,1,NEIP,,,,SR_REGISTER,,,,ZEXT_IMM16,,,,CALL,,,,,,1,1,0,0,1,0
647c647
< 1_0100_0010_1  (x1_42_1),0,0,0,0,0,0,0,1,0,1,0,0,0,0,NO_REG,,,,,,0,0,NO_REG,,,,,,0,0,,0,1,0,DS,,,,,,0,DS,,,,,,0,0,0,0,0,0,0,0,0,DR_REGISTER,,,,SR_REGISTER,,,,NO_EXE,,,,CMOVC,,,,,,0,0,0,0,0,0
---
> 1_0100_0010_1  (x1_42_1),0,0,0,0,0,0,0,1,0,1,0,0,0,0,NO_REG,,,,,,0,0,NO_REG,,,,,,0,0,,1,0,0,DS,,,,,,0,DS,,,,,,0,0,0,0,0,0,0,0,0,DR_REGISTER,,,,SR_REGISTER,,,,NO_EXE,,,,CMOVC,,,,,,0,0,0,0,0,0
768,769c768,769
< 1_0111_1111_0  (x1_7F_0),0,0,0,0,0,0,0,1,1,0,0,0,0,0,NO_REG,,,,,,0,0,NO_REG,,,,,,0,0,,1,1,0,DS,,,,,,0,DS,,,,,,0,0,0,0,0,0,0,0,0,SR_REGISTER,,,,SR_REGISTER,,,,NO_EXE,,,,MOV,,,,,,0,0,0,0,0,0
< 1_0111_1111_1  (x1_7F_1),0,0,0,0,0,0,0,1,1,0,0,0,0,0,NO_REG,,,,,,0,0,NO_REG,,,,,,0,0,,1,1,0,DS,,,,,,0,DS,,,,,,0,0,0,0,0,0,0,0,0,SR_REGISTER,,,,SR_REGISTER,,,,NO_EXE,,,,MOV,,,,,,0,0,0,0,0,0
---
> 1_0111_1111_0  (x1_7F_0),0,0,0,0,0,0,0,1,1,0,0,0,0,0,NO_REG,,,,,,0,0,NO_REG,,,,,,0,0,,1,1,0,DS,,,,,,0,DS,,,,,,0,0,1,0,0,0,0,0,0,SR_REGISTER,,,,SR_REGISTER,,,,NO_EXE,,,,MOV,,,,,,0,0,0,0,0,0
> 1_0111_1111_1  (x1_7F_1),0,0,0,0,0,0,0,1,1,0,0,0,0,0,NO_REG,,,,,,0,0,NO_REG,,,,,,0,0,,1,1,0,DS,,,,,,0,DS,,,,,,0,0,1,0,0,0,0,0,0,SR_REGISTER,,,,SR_REGISTER,,,,NO_EXE,,,,MOV,,,,,,0,0,0,0,0,0
